-9.889000000000000221e-03
-1.018110000000000022e-02
-1.054180000000000048e-02
-1.087179999999999917e-02
-1.098350000000000021e-02
-1.089350000000000041e-02
-1.052149999999999960e-02
-9.986300000000000038e-03
-9.228300000000000045e-03
-8.430299999999999946e-03
-7.571099999999999879e-03
-6.671899999999999706e-03
-5.965699999999999996e-03
-5.443700000000000101e-03
-5.091499999999999672e-03
-4.939299999999999767e-03
-4.943099999999999751e-03
-5.096500000000000336e-03
-5.307700000000000265e-03
-5.388200000000000107e-03
-5.323600000000000380e-03
-5.046000000000000138e-03
-4.547800000000000280e-03
-4.046300000000000070e-03
-3.591500000000000074e-03
-3.226699999999999881e-03
-3.063600000000000090e-03
-3.181699999999999980e-03
-3.532899999999999843e-03
-4.070899999999999692e-03
-4.660599999999999986e-03
-5.177099999999999584e-03
-5.496400000000000244e-03
-5.593700000000000061e-03
-5.444300000000000007e-03
-5.176499999999999678e-03
-4.894100000000000186e-03
-4.662699999999999657e-03
-4.560999999999999950e-03
-4.589000000000000197e-03
-4.770100000000000208e-03
-5.150599999999999970e-03
-5.726199999999999866e-03
-6.505399999999999724e-03
-7.479399999999999764e-03
-8.405700000000000324e-03
-9.243100000000000621e-03
-9.881199999999999706e-03
-1.023079999999999996e-02
-1.033030000000000059e-02
-1.029419999999999988e-02
-1.020800000000000006e-02
-1.018900000000000014e-02
-1.040890000000000044e-02
-1.094810000000000054e-02
-1.180690000000000038e-02
-1.281350000000000024e-02
-1.380280000000000049e-02
-1.474269999999999921e-02
-1.544300000000000013e-02
-1.594670000000000115e-02
-1.625690000000000121e-02
-1.623170000000000168e-02
-1.604169999999999902e-02
-1.577310000000000170e-02
-1.550110000000000030e-02
-1.534379999999999945e-02
-1.529690000000000043e-02
-1.545460000000000063e-02
-1.585759999999999947e-02
-1.641590000000000063e-02
-1.711309999999999915e-02
-1.793969999999999940e-02
-1.866639999999999966e-02
-1.927289999999999906e-02
-1.968879999999999936e-02
-1.983340000000000103e-02
-1.974829999999999988e-02
-1.952260000000000106e-02
-1.930079999999999990e-02
