2.459832500000000000e+06
2.459833500000000000e+06
2.459834500000000000e+06
2.459835500000000000e+06
2.459836500000000000e+06
2.459837500000000000e+06
2.459838500000000000e+06
2.459839500000000000e+06
2.459840500000000000e+06
2.459841500000000000e+06
2.459842500000000000e+06
2.459843500000000000e+06
2.459844500000000000e+06
2.459845500000000000e+06
2.459846500000000000e+06
2.459847500000000000e+06
2.459848500000000000e+06
2.459849500000000000e+06
2.459850500000000000e+06
2.459851500000000000e+06
2.459852500000000000e+06
2.459853500000000000e+06
2.459854500000000000e+06
2.459855500000000000e+06
2.459856500000000000e+06
2.459857500000000000e+06
2.459858500000000000e+06
2.459859500000000000e+06
2.459860500000000000e+06
2.459861500000000000e+06
2.459862500000000000e+06
2.459863500000000000e+06
2.459864500000000000e+06
2.459865500000000000e+06
2.459866500000000000e+06
2.459867500000000000e+06
2.459868500000000000e+06
2.459869500000000000e+06
2.459870500000000000e+06
2.459871500000000000e+06
2.459872500000000000e+06
2.459873500000000000e+06
2.459874500000000000e+06
2.459875500000000000e+06
2.459876500000000000e+06
2.459877500000000000e+06
2.459878500000000000e+06
2.459879500000000000e+06
2.459880500000000000e+06
2.459881500000000000e+06
2.459882500000000000e+06
2.459883500000000000e+06
2.459884500000000000e+06
2.459885500000000000e+06
2.459886500000000000e+06
2.459887500000000000e+06
2.459888500000000000e+06
2.459889500000000000e+06
2.459890500000000000e+06
2.459891500000000000e+06
2.459892500000000000e+06
2.459893500000000000e+06
2.459894500000000000e+06
2.459895500000000000e+06
2.459896500000000000e+06
2.459897500000000000e+06
2.459898500000000000e+06
2.459899500000000000e+06
2.459900500000000000e+06
2.459901500000000000e+06
2.459902500000000000e+06
2.459903500000000000e+06
2.459904500000000000e+06
2.459905500000000000e+06
2.459906500000000000e+06
2.459907500000000000e+06
2.459908500000000000e+06
2.459909500000000000e+06
2.459910500000000000e+06
2.459911500000000000e+06
